503661
503661
11573
11573
518723
518723
518723
518723
518723
518723
518723
518723
518723
338196
341551
338196
341551
338196
634087
338196
338196
341551
548537
548537
634087
634087
338196
548537
548537
341551
341551
634087
341551
548537
548537
590693
590693
50971
39694
642096
39694
377733
377717
377733
377733
302979
302979
259059
50971
642096
259059
377733
39694
377717
377717
377733
377733
377717
39694
377733
377733
143520
143520
143520
143520
143520
143520
269980
269980
84246
84246
412778
231748
476453
493513
493513
501806
476453
412778
432065
231748
501806
432065
563072
218355
111141
594986
151460
226412
106645
75058
52105
330739
311494
111162
226412
52164
75058
96421
5002
628894
200346
406933
511301
389282
510057
151460
75058
389282
268668
218355
230547
106645
328146
96421
52105
38347
96421
594986
75058
406933
218355
510057
5002
189541
628894
628894
226412
241770
628894
146880
436287
52164
315160
230547
226412
406933
385014
38239
311494
146880
96421
481112
417276
481112
463580
52105
406933
218355
311494
285879
38239
436287
389282
295720
426911
263532
563072
406933
436287
75058
427180
436287
481112
330739
38347
96421
328146
426911
311494
511301
52105
108979
481112
406933
200346
151460
111162
268668
295720
38347
330739
510814
328146
106645
151460
510814
75058
96421
463580
96421
463580
330739
146880
189541
106645
389282
315160
417276
406933
427180
417276
230547
385014
427180
328146
38347
151460
38347
315160
230547
319745
319259
427180
295720
268668
230547
241770
5002
38347
510814
38239
481112
75058
263532
38347
319259
200346
315160
226412
189541
315160
226490
385014
96421
111162
5002
111162
311494
200346
230547
226490
268668
389282
315160
319745
319745
321544
389282
481112
315160
311494
385014
226412
111141
111141
151460
417276
226412
311494
226490
328146
463580
594986
241770
481112
5002
510057
311494
230547
75058
285879
226490
52164
563072
319259
426911
108979
511301
389282
417276
510057
406933
510814
417276
426911
300347
328146
321544
241770
328146
52164
151460
111141
481112
319259
285879
417276
389282
230547
563072
328146
417276
315160
226412
5002
189541
38347
38239
5002
319745
285879
295720
511301
151460
594986
300347
5002
146880
400847
400847
249163
249163
66333
319428
576138
375816
451596
629360
576138
451596
308058
319428
629222
375816
629360
66333
629222
308058
487520
487520
487520
487520
487520
487520
500891
236410
236405
555610
267185
116492
116492
499710
499710
37314
159247
37314
37314
4277
4277
4277
4277
4277
4277
4277
4277
4277
4277
4277
4277
4277
4277
72461
72461
469194
469194
637247
637247
375350
375350
613121
613121
201
201
201
201
555987
555987
154947
555987
278431
53539
555987
609252
438048
555987
53539
452838
154947
555987
555987
438048
278431
555987
555987
609252
393182
393182
555987
452838
567258
81337
520449
1875
129379
202684
456051
81337
310391
285209
138178
504955
523015
169658
491749
226289
456051
520449
454348
248380
129379
44648
40515
226007
454348
523015
491749
58770
222539
193572
285209
222271
323639
86067
323639
346352
567258
373773
208771
323639
104516
380369
123641
193572
35377
323639
227533
225974
346177
35377
364587
44648
456051
227533
491749
294659
208731
93860
307698
81379
491749
222539
447202
138057
482816
93072
280942
248380
40108
341014
343650
567258
294659
382355
210087
380369
491749
113648
138178
93072
159693
159693
310391
306834
448826
548697
513215
45468
310391
248380
169658
37028
123641
202684
157748
120114
226289
486909
86067
45468
364587
338594
208731
373773
343650
1875
248380
58770
513215
306834
81379
567258
429581
35382
225974
86067
562203
567019
40037
448826
222271
486909
282176
120114
346177
226185
560046
42477
560640
40108
548697
93072
346352
131970
226007
280942
341014
113648
158233
429581
210087
226185
307698
114152
482816
491749
491749
560046
456051
444585
338594
491749
447202
138057
35382
444585
154592
382355
158233
40037
310391
86067
37028
208771
227878
227878
567019
104516
282176
131970
42477
323639
93072
93860
562203
40515
560640
157748
323639
114152
154592
504955
356212
299001
390113
35650
355644
350228
427282
427282
35650
346446
104623
238377
236616
186652
251978
427282
191796
389793
105315
265930
248686
265930
238377
265570
199793
350621
249227
545151
427282
121091
180620
588042
326007
240543
356212
265767
237015
186652
199793
121091
240107
112627
265570
84146
595537
588042
186775
512672
545151
346446
191796
350621
355644
389793
249227
186775
192910
128812
467971
350621
265767
22308
299001
112627
251978
467971
192910
595537
326007
192910
180620
595537
187738
105315
128812
512672
236593
631755
631755
236593
338024
595537
104623
338024
350228
390113
50735
362651
240107
192910
84146
236616
240543
350621
161355
187738
22308
248686
362651
237015
50735
161355
226289
35377
222539
486909
447202
154592
86067
138178
548697
35382
86067
113648
323639
226007
380369
45468
226007
444585
113648
486909
323639
444585
158233
226289
343650
35382
45468
93072
42477
81379
129379
343650
562203
1875
222271
482816
373773
364587
1875
93072
364587
373773
193572
86067
482816
40108
81379
448826
93072
323639
225974
567258
562203
380369
202684
222271
306834
131970
523015
285208
226185
42477
138178
306834
429581
338594
158233
226185
338594
567258
202684
129379
523015
208771
323639
222539
93072
323639
208771
86067
447202
225974
131970
548697
285208
40108
448826
193572
323639
154592
35377
429581
306386
86468
309756
582168
513877
513877
582168
309756
15374
241926
309756
589635
241926
86468
513877
306386
589635
15374
309756
513877
546756
546756
92809
92809
546756
99279
272924
89997
394272
338923
546642
394272
99279
272924
338923
89997
546756
546756
546756
92809
546756
92809
546642
92809
546756
218065
218065
92809
196346
353638
288145
415225
349818
322703
416240
47974
202946
109106
63587
97873
214555
458294
101205
182678
415225
337381
546918
458294
431584
100921
416240
160245
54723
432485
116692
259368
302180
547056
214530
160245
122707
214555
227113
254318
116692
437374
288145
631589
209128
526417
122707
227113
100988
128368
547056
340337
431584
138160
485425
100813
116800
116800
112443
115137
570928
116692
116800
360281
371755
332835
37307
100813
409477
546918
227113
485425
475070
112443
209128
194602
111979
409477
101205
112443
340337
561147
54134
561147
631589
371755
112443
411646
320666
287919
322703
214555
37307
54134
409477
415225
144715
202188
109106
112443
73634
115137
100921
159659
138160
242041
547114
526417
437374
100464
54134
546918
267217
125364
125364
270786
231422
430948
194602
54134
116692
546946
273470
111979
326584
416240
539337
360281
302180
353638
415225
125364
631589
109106
364112
548902
425298
349818
97873
149823
112443
424428
128368
223443
202946
116800
100813
257202
604100
357737
270786
37307
284521
471832
124905
357737
37307
112443
116800
116800
371755
546918
267217
548902
547114
458444
528698
73634
54134
631589
528698
182678
326584
54134
570928
354334
471832
539729
287919
267217
37307
100813
364112
116800
125364
273470
223443
116612
63587
424428
371755
100464
116800
54723
47974
37307
116800
231422
37307
437374
54134
437374
502564
54134
116800
409477
546946
259368
415225
214555
159659
607758
73634
425298
214530
430948
227113
254318
116800
149823
539337
320666
37307
284521
353722
416240
267217
112443
35101
415225
539729
116800
242041
196346
354334
109106
415225
116800
116800
116612
202188
73634
353722
539337
607758
415225
124905
475070
411646
144715
35101
502564
100988
458444
332835
432485
337381
604100
116800
257202
539337
111013
150572
237531
408408
156025
35834
417837
279170
589556
415560
521117
466711
355778
350115
398900
396604
370806
165117
478777
68301
478727
405712
350115
415560
497795
125115
399802
384870
156025
408408
245582
533083
571693
35834
223216
299209
398068
521358
157112
484862
188225
355778
176
223216
601506
358184
101605
69020
152462
183548
623771
483049
623771
547477
581843
150572
398900
504045
484862
589556
237531
504045
417837
71253
68301
237564
157112
492884
176
595343
394883
571693
299209
279170
375326
595343
581843
233297
399802
601506
152462
283737
598810
375326
216883
71253
415560
283737
497795
571081
377303
394883
192369
419554
35834
111013
162250
245582
547477
492884
192369
233297
521358
103745
183548
377303
598810
125115
415560
405712
188225
426529
237564
101605
483049
39527
358184
504045
370806
109267
109267
478727
571081
165117
103745
162250
39527
69020
415560
384870
521117
466711
396604
533083
426529
398068
419554
216883
478777
422160
422160
85747
85747
526556
553257
558695
377686
264
526556
556927
526556
521997
558695
264
558695
163519
553257
553257
324639
69126
195012
324639
163519
69126
163519
324639
163519
163519
82318
583554
163519
583554
553257
480700
558695
553257
264
324639
264
82318
82318
195012
163519
553257
82318
521997
377686
264
526556
556927
163519
480700
480700
480700
569633
353845
353845
569633
569633
569633
569633
244743
244743
558446
569633
558446
182210
2307
182210
2307
182210
182210
182210
182210
500891
596532
60431
259059
500891
465638
500891
111136
500891
500891
259059
500891
500891
465638
289883
500891
155455
614072
500891
500891
300794
259059
614072
259059
289808
500891
259059
259059
212752
566558
259059
60431
500891
212752
500891
500891
259059
500891
549283
500891
500891
500891
259059
549283
500891
500891
566558
500891
289808
500891
465638
500891
500891
500891
343970
500891
212752
155455
60431
500891
596532
60431
289808
259059
259059
596532
259059
259059
259059
289883
596532
465638
500891
259059
500891
500891
289808
500891
500891
212752
500891
500891
500891
500891
212752
500891
212752
259059
300794
500891
111136
500891
500891
500891
343970
233001
233001
564846
233001
564846
233001
233001
6000
6000
233001
233001
6000
564846
564846
564846
233001
6000
564846
869
414027
10492
364385
391357
571200
352421
227524
869
416575
25577
370724
550061
352763
64040
352763
407487
869
17483
51935
598464
25538
64040
416575
318950
318824
46
26005
391357
414027
30507
87492
51068
391357
416575
5908
407487
51068
51302
59049
318950
64644
216233
869
10310
391357
25945
153129
87492
407487
139376
100050
391357
25538
53619
64644
26005
46
26427
153129
127354
293953
416575
139376
619171
6966
32698
64040
214906
214906
51935
869
220050
407487
293953
27097
370724
27097
364385
100050
25945
550061
32698
127354
10492
25577
869
352421
391357
227524
53619
619171
391357
598464
51302
869
30507
318824
64040
4202
869
6966
391357
4202
571200
5908
17483
26427
10310
220050
59049
216233
280312
280312
632376
632376
